Final configuration of cs07                                             
         2         2       128     40000   1.0000000E-03   4.0000000E+01
       20.5000000000        0.0000000000        0.0000000000            
        0.0000000000       20.5000000000        0.0000000000            
        0.0000000000        0.0000000000       20.5000000000            
N                1                                                      
     8.355064374         6.173621715        -7.888970175                
     1.120835817         7.394802555        -1.724860708                
     4.207671039        -84.03898789         48.62038993                
N                2                                                      
     9.297722559         5.872933239        -7.431715339                
    -1.749931922        -1.849606804        -1.885678371                
    -215.1516176         131.3974126         149.6916692                
N                3                                                      
     3.213498810        -2.241690249        -7.642545727                
    -2.768768732         4.359300603       -0.5287921818                
    -1123.111834        -97.83498456         1083.564587                
N                4                                                      
     2.614513911        -1.439938597        -7.210676095                
    0.8027748731         7.200488482       -0.8497834663                
    -1653.409470        -1666.464140        -36.85769428                
N                5                                                      
     3.833219930         8.699542020         1.447472933                
     2.169080501         4.754738093        0.4848179582                
     229.3586211        -717.8218889        -64.19996383                
N                6                                                      
     3.693191069         7.934805435        0.6834900319                
    -1.781394955         6.273756356       -0.3116242906                
    -12.70161586         556.2483648         302.6106579                
N                7                                                      
     4.574984051         5.797098753         5.981125036                
    -4.190125517         2.134068966         4.506099058                
     42.49355355         63.66136202        -89.79243196                
N                8                                                      
     4.761641052         6.270268408         6.945163231                
     9.112092081       -0.8921053813         3.415832953                
     62.39686672         45.76139249        -33.51583106                
N                9                                                      
     4.499931407         5.358526784        -5.819161516                
    0.5465357033E-01    -4.333169276        -2.973188318                
     118.8188708        -95.18237520        -53.23515939                
N               10                                                      
     5.115456783         5.145877813        -4.945085474                
     2.021040074         1.508287372        -2.936785363                
    -59.08754919        -1052.474601        -399.9187345                
N               11                                                      
    -5.097102792        -6.586239572        0.6034711955                
     3.517873452       -0.3251441710         5.833491751                
     179.6839894         137.5406402        -76.24997177                
N               12                                                      
    -4.240067183        -6.263605175         1.194653917                
     10.12744819        -1.290314747        -3.221650567                
    -83.91012674         23.70274958         25.76408819                
N               13                                                      
     6.367783600        -5.157134660         6.387984585                
    0.7152362003        -5.879213072        -3.288395935                
    -53.14207312        -147.4568568        -31.20072837                
N               14                                                      
     6.607067204        -6.219486472         6.435439657                
     12.49265720        -3.240617489        -3.605052282                
    -311.3391046         212.5760388        -33.56414847                
N               15                                                      
    -8.508914528        -1.781796693        -8.920072499                
   -0.3044204426       -0.4819479774        0.9978563288                
    -78.97537742         97.32561853        -12.49518262                
N               16                                                      
    -7.512969548        -2.216196793        -9.006618155                
    0.1693984086       -0.3922691223         6.000314289                
    -39.83236598         100.4644668         42.30379115                
N               17                                                      
     5.329712324        -8.366117035        -4.585604771                
    -4.779414914        -7.539515953        -5.807184384                
    -120.5074123         273.9649691        -150.1947298                
N               18                                                      
     4.626439346        -8.600882013        -3.786610075                
    -7.032465431        0.7706793692        -5.348566476                
    -420.7349179         1161.559156        -137.6275245                
N               19                                                      
     3.999807333        -9.814879046         4.985638314                
     3.020825273        -1.566400352         2.418494962                
     90.39996079        -134.8280348        -7.695151640                
N               20                                                      
     3.698895516        -9.806799564         6.033248356                
    -2.445152997         6.319909649        0.7876450453                
     19.19045926         20.23909158        -93.32222635                
N               21                                                      
    -3.646041506         2.799586500        -1.124513218                
     1.805285993        -4.661257388         1.615187442                
     164.9758293        -88.52477357        -377.5421464                
N               22                                                      
    -4.393083998         2.963887996        -1.901064912                
    0.8057460980        0.7542545553         3.722549386                
     4.954908934         6.818766652        -61.84752766                
N               23                                                      
    -5.538106307        -5.820108129        -4.539389054                
     2.878967021        -3.471155820         5.955384795                
    -58.74864093         12.44449588         94.36647897                
N               24                                                      
    -4.932240510        -6.690626233        -4.287943504                
     5.311655507        -2.988961158         1.763130987                
    -31.95117353        -40.73725709         129.9169499                
N               25                                                      
     5.776252471        -3.857657896        -4.458364715                
     4.724585703        -4.100939765         2.418742164                
    -100.1677468         31.89100165         48.60576196                
N               26                                                      
     6.161630589        -2.919628500        -4.058759210                
   -0.6280032937       -0.3089215585        -1.320580368                
     521.2083092        -825.3195529        -17.04577271                
N               27                                                      
     7.115573909         1.572862587         1.372935586                
   -0.4129455346        -2.490822204        0.9540960842                
     278.3411499         15.43533701        -60.23151636                
N               28                                                      
     7.389726872         1.167001089        0.3991714472                
     7.331401279         2.476079217         1.064247576                
     12.80445508        -242.5911108         60.86573194                
N               29                                                      
    -7.411686376         5.072809313        -5.903834511                
     1.073353596        -1.875829515       -0.5515342445                
    -166.8256054        -21.20855280         63.07741919                
N               30                                                      
    -7.067148744         5.865727986        -5.240001852                
    -2.692402549         3.428216269        -4.932506164                
    -75.74050875        -138.7167884        -36.73489136                
N               31                                                      
    0.4535525595        -6.826364710         8.247688291                
     3.530480018         1.708321459        -3.701831182                
    -19.32637583        -89.14533237        -190.9760992                
N               32                                                      
   -0.3222509684        -6.856670918         7.482632463                
    -2.372617302        -4.064239707         2.512863219                
     129.8505041        -59.27762140        -85.87925170                
N               33                                                      
    -9.682847790         1.465844503         6.733026540                
    -2.876394846         5.881099932        0.4980105199                
    -83.20871094         128.8408487         223.9177604                
N               34                                                      
    -9.461925195         1.466727650         7.800402963                
   -0.5580371239       -0.8015193781E-01    0.2309564153E-01            
     2.920305494        -9.832668335         25.20484172                
N               35                                                      
     3.355167715       -0.8104580670E-01     3.537896334                
     7.514192645         1.896776002         1.116968933                
     379.8920586         367.9007005        -609.8928604                
N               36                                                      
     4.304076112       -0.4064488777         3.111532997                
     4.594177381        -4.513043791       -0.4897638705                
    -221.4425116        -143.3843602        -30.50112158                
N               37                                                      
    0.7490139410        -5.957292469        -1.508599003                
     8.821103143        -3.438904844         2.598198624                
     96.00660293        -124.2171364         101.8316868                
N               38                                                      
     1.685632820        -5.481931451        -1.217262467                
     6.181720234         4.547724561        -1.947871849                
     317.2817091        -2238.687679        -87.78536854                
N               39                                                      
     4.879563997        -2.916603827       -0.2417285263                
   -0.8498651435        -4.860942124        -1.660662136                
     913.6978133        -206.7484495         247.9736331                
N               40                                                      
     5.926812078        -3.001928171        0.4825632014E-01            
    -1.695142093         4.110852214         4.031797830                
    -29.43882412         14.99104674         28.64891376                
N               41                                                      
    -2.740013086         1.044639345        -5.621427186                
    -3.082610947         1.192978107        0.8853628847                
    -131.1183494         78.88691566         22.67204570                
N               42                                                      
    -2.420361220        0.4701468035        -6.490841359                
    -3.175943309        -5.919183263         5.550630516                
    -35.15269219         150.3175382         33.10595065                
N               43                                                      
     1.204291661        -1.935049417         5.784680681                
    -8.249225434        -7.445550087         1.367594912                
    -384.7411108        -368.0702855         371.9576849                
N               44                                                      
    0.3170422419        -1.408067925         6.135649306                
    -1.970627979         7.501677924        -5.203449943                
     140.7954989        -164.6543759         12.56134363                
N               45                                                      
    -3.201686855         6.613131046        0.6954400652                
    -6.800607641        0.1358355042         2.322844790                
     221.7493561        -158.8169480        -9.381835471                
N               46                                                      
    -3.230611687         5.669603769         1.240435140                
    0.9449975971        -2.441198154        -1.727579380                
    -15.48948293         195.1846981         66.61955867                
N               47                                                      
     8.617165614         4.043848542        -2.695926150                
    -1.121836789         1.914325068         1.915648741                
    -50.98880011         22.12619414        -11.42703428                
N               48                                                      
     9.063507724         4.011913815        -1.702015241                
    -6.156782431        -2.751655140         4.026805225                
    -94.43002917         51.32701943        -84.91711368                
N               49                                                      
     2.435397348         3.334048042         9.745070375                
     4.304599115        -3.867896313        -3.002492284                
     83.81642870         51.03881135        -14.50939546                
N               50                                                      
     2.305260322         2.541148942         9.008541101                
     1.894285260        -3.863064554        -2.581816567                
     106.5111998        -16.97712824        -2.247754559                
N               51                                                      
    0.8536210773         7.079538882        -1.976467283                
    -3.347710210         4.991888077         1.735095563                
     56.18281987        -110.7373578         27.84115913                
N               52                                                      
    0.2312401789E-01     6.974733461        -2.674600836                
     2.060873571       -0.1221916497E-01    -3.947707304                
     110.9917337        -107.8317380         71.42450167                
N               53                                                      
     8.199250851        -9.806986231         5.315131327                
    -1.134396935        0.3377544249       -0.4358371272                
    -151.8246452         122.6996834        -70.81602300                
N               54                                                      
     8.833413119        -9.244359244         6.000251091                
    -3.989422409         7.461885647        -3.643566884                
     60.85145588        -205.0341259        -14.88724874                
N               55                                                      
     4.270935154        0.5248372769E-01    -4.295734638                
    0.1326759750         3.196270166        -5.987022037                
    -722.2433293         1007.141633         1515.135758                
N               56                                                      
     3.617270684        0.8476722607        -3.937268519                
     2.891324149        -2.232019314         11.08500658                
     303.0219216        -175.1307975         228.2213871                
N               57                                                      
     4.956853567         3.998433633       -0.6534316270                
    -4.668687606        -7.622701471        -3.935047605                
    -219.0888694         384.4823289        -253.5015173                
N               58                                                      
     4.073284696         4.618261482       -0.8058110490                
   -0.1980255635       -0.2602795278        0.8975005239E-01            
     1046.698050        -19.38557588        -780.6603588                
N               59                                                      
     6.894655134        -8.334526727         10.09037037                
     3.617765166       -0.8414027423         2.678815672                
     21.49297232         12.72146934        -108.2734828                
N               60                                                      
     7.503738325        -7.460887903        -10.17752432                
    -1.932496147         2.671439819         4.021375364                
     59.20666401        -243.0405111        -94.94908895                
N               61                                                      
     4.466048964        -8.135907923         1.179051552                
     1.534997876        -2.397102747        -4.392031559                
     168.1785489         432.6357460        -98.09012528                
N               62                                                      
     5.327741378        -7.468386147         1.179981333                
    -4.264340246         5.080431420         1.876948866                
    -111.6012898         27.43457756         70.78031492                
N               63                                                      
     9.974964989        -4.853379689         3.073720524                
     4.061497794        -4.851267017         5.986918911                
    -5.715458718        -4.805189994        -57.78232360                
N               64                                                      
     8.938092745        -4.951914306         2.752337765                
     5.841865683        -2.916745163       -0.3501709448                
    -71.74026424        -82.33526221        -72.77381647                
N               65                                                      
    -7.356174954         1.150427246        -6.356739239                
    -1.123841899         2.921784864         5.784893467                
     6419.588443        -1231.750611         1891.409505                
N               66                                                      
    -6.753550771        0.3673250092        -5.896636011                
    -2.486134531        0.3407532363         3.176215492                
     48.64918264         174.8515685        -9.494155080                
N               67                                                      
     10.19051852         1.719686597        -7.301937150                
    -7.800390704        0.3892364373        -2.272768610                
    -5373.690057         1074.869687        -1402.759879                
N               68                                                      
     9.609436224         2.101235938        -6.462375680                
    0.4216527807       -0.9711633092         4.036172135                
    -445.5495314         65.06736719         193.4898230                
N               69                                                      
    -5.598558544         8.896363758        -1.312923093                
     4.668532557         4.534700185       -0.7836264664                
    -186.8695238         74.49658019        -59.47640107                
N               70                                                      
    -5.279948662         9.918068189        -1.519581747                
    0.5867359796         4.952789545        -5.009614389                
    -61.93615263         48.71215357         73.51945512                
N               71                                                      
     7.520245105         5.754230412         2.617030362                
    0.5542175680         1.089440671         4.245300719                
    -1114.507316        -285.9775317        -1829.322836                
N               72                                                      
     8.189276872         6.302785588         1.954019265                
    0.3308175661       -0.1440811759         2.999293684                
    -619.9744410        -228.2608759        -112.3930521                
N               73                                                      
    -10.12946739        -3.307676939        -1.189038903                
    -1.441296250        -2.315407085        -3.908669979                
    -273.8508942        -689.3610706         365.1005374                
N               74                                                      
    -9.210466836        -3.766826330        -1.553346221                
     1.078132332        0.1161730724       -0.6177734022                
     4.439916444        -261.2303514         171.8344811                
N               75                                                      
    -5.278272294       -0.1134118411        0.6734265756                
    -6.290407418        -2.590582437       -0.6018342129                
     160.4007104        -421.4736205        -168.2358161                
N               76                                                      
    -5.341193956        -1.118883354        0.2572921010                
     6.289274078        -1.978940066        -3.981807605                
    -117.3617249         61.34089889        -41.57046344                
N               77                                                      
     7.585367964         2.583640491         9.591547224                
    -1.426310292         2.459407652        -2.798437079                
     33.70081174         104.6256280         157.3388826                
N               78                                                      
     7.787064673         2.653468003        -9.839554953                
    -4.516790582        -1.883706378        -1.931554827                
    -83.31532750         454.4472754        -913.6564926                
N               79                                                      
    -9.265788717        -8.380280417         1.206344104                
   -0.5206170043        0.7179198473       -0.3257092643                
    -16.94481531         18.65579587        -77.17060203                
N               80                                                      
    -8.329170319        -8.199190165         1.733650749                
    -1.082681478         1.398442860        0.4389384915                
    -257.6567717        -75.83745380         45.91409775                
N               81                                                      
    0.6193082283E-01     6.531602178         3.113731055                
    -8.447741555         1.177945934         3.867051833                
     281.5331191         46.71637005         13.18697619                
N               82                                                      
    0.5956389867E-01     5.574876189         3.636004718                
    -4.624575151         1.390588148         4.273906500                
     155.0640757         296.2939402        -48.93813821                
N               83                                                      
     1.360394698         3.005316997        0.9211218338                
    -2.629340431         1.775910366         2.555545947                
    -627.5573041        -431.3956156         348.9187512                
N               84                                                      
    0.6938688138         3.194641307        0.7969474221E-01            
    -5.076790469         3.611892049         4.907365597                
    -337.2828508        -26.45560324         56.01668144                
N               85                                                      
     4.632888896         8.851669155        -8.675329106                
     2.786517354        0.7362982662        -6.404499760                
     95.25515417        -32.32962092         109.7996055                
N               86                                                      
     4.246656033         9.817803750        -8.350508973                
   -0.7006779905        -2.435894200        -1.115740641                
     893.4157464         19.30537152        -381.6532763                
N               87                                                      
    -1.280471755         1.675047875         4.466072020                
     3.195920055         8.133738927        -1.829167768                
     38.97781923         177.3915383        -220.8720114                
N               88                                                      
    -2.039806021         2.453823784         4.536920852                
    -4.116205455         1.051186751        -2.346133989                
    -13.97399450        -122.3829072        -102.6053223                
N               89                                                      
    -9.039285992       -0.1222491199        -2.701017791                
     4.176226105         1.405412119        -2.917169292                
     82.94224001         762.0893291        -187.5339470                
N               90                                                      
    -9.599730496        0.3919666102        -1.920259095                
     3.681489907        -2.944140433       -0.4076408458                
     71.51828226         285.8182619        -44.36755566                
N               91                                                      
    -3.541456517         4.316592506        -8.294029578                
    -1.151168358         1.715350518        -5.619768150                
    -91.49644540        -89.53390937         142.5294050                
N               92                                                      
    -4.559908695         3.939811359        -8.388322361                
     2.768744271        -9.757944769        -2.112842270                
    -49.43737433        -139.3036440         69.59659464                
N               93                                                      
     1.148806911         3.294886732        -5.597107873                
    -3.055930598        -3.667982480        -1.933759476                
    -143.8164370         4.680821428        -47.74790495                
N               94                                                      
    0.5152819728         3.056062690        -4.742877676                
    -3.521548233        -3.530240528        -2.240567049                
     87.83950197         189.8869058         100.6299717                
N               95                                                      
    -1.277894204         9.862735909         6.099918858                
    -1.751808611         6.648587283        0.6988070857                
     41.99226879         103.7376906        -17.36280784                
N               96                                                      
    -1.403054838         9.133921625         6.900708815                
     3.390384270         2.806466776        -1.994273869                
     76.96297793         114.6594314        -103.2970968                
N               97                                                      
     1.163289550        -10.14757860        -5.597215877                
    -3.537886468        0.8092360659         1.166465202                
     154.1513480        -78.74869656         101.3624433                
N               98                                                      
     1.233616892         9.700809689        -6.468167222                
    -5.098171320        -1.297369289         2.616555428                
    -693.7566273        -86.08247276         639.8543409                
N               99                                                      
    -9.881046678        -10.11612707        -9.114944450                
     1.504422194        -1.444903402       -0.9056479210                
    -110.6342837        -81.80713804         10.76306835                
N              100                                                      
    -9.019944281        -9.785891697        -9.695932625                
    0.2447911986        -2.348480649        -3.286185943                
    -77.75050682        -20.12412988        -35.33086073                
N              101                                                      
     5.373194509         8.337917724        -3.437558687                
    -1.430884973       -0.7780228263        -7.589477353                
     169.4168186         310.3112238         669.2160321                
N              102                                                      
     6.289272011         8.765162511        -3.029681374                
    -3.525545279        -7.059022510         3.694296965                
     226.0500100        -1035.323977         325.2398587                
N              103                                                      
    -5.488083049        -3.240061140         4.081509930                
   -0.4604466564        -3.451828332        0.8653338945                
    -67.06565246         105.4673167        -223.0408922                
N              104                                                      
    -6.349319912        -2.599345419         3.892157271                
     1.702843828        0.5325892388         4.508131784                
    -23.95747520        -124.4700539        -36.21385515                
N              105                                                      
     9.483191882         7.100298120         6.102552479                
     7.368526128        -1.128533799        -2.176263804                
    -53.16902360        -191.2503075         47.76459353                
N              106                                                      
     9.212498625         6.212207486         5.531483143                
     4.921659444        -3.071894259         2.005768724                
     995.4765295         256.6196818         2165.401131                
N              107                                                      
    -3.631028664        -6.751834393         5.215492384                
    -4.153615386         3.123172047        -4.857375406                
     21.66970831        -83.70815402         6.839974995                
N              108                                                      
    -4.138094416        -6.362225118         6.098209177                
    -2.774296834         4.977627629        -4.883553560                
     64.80489458        -122.3408174        -1.696377998                
N              109                                                      
    -7.844399048         1.070158115         3.023492545                
     1.265020901        -1.732336672        -1.960805915                
    -386.0710933         145.0102708         268.8610286                
N              110                                                      
    -8.887708968        0.7597349307         2.966555232                
     1.711083128        -4.621056583         5.614972831                
     15.62047113        -101.5389686        -244.7222759                
N              111                                                      
    -8.487173685         4.665014559        -9.844556317                
    -4.575142503         1.708582150       -0.7019467964                
     26.25503415        -206.4282554        -49.72324689                
N              112                                                      
    -8.821878986         4.980829466         9.667347885                
   -0.6443598375        -2.485635293        -3.374005716                
    -164.3169703        -28.06446011         126.7904089                
N              113                                                      
     1.490125459        -2.117967050       -0.9105900086                
    -3.042513203        -2.556869808        -1.924224200                
    -900.3773919         2553.806053         28.04209547                
N              114                                                      
    0.6831589878        -1.647958761       -0.3484536176                
     3.180556057         2.502013901         2.779422478                
     132.2797350         111.3358757         56.96217301                
N              115                                                      
    -9.946436473         7.519758967       -0.5538348223                
     2.545517642        -8.198280363        -3.921021094                
     360.5195417         310.0619414        -429.1275266                
N              116                                                      
    -9.747612337         7.808617272        -1.585886101                
   -0.6775728448E-01     6.104151745       -0.4213944333                
    -58.87953814         26.75852665        -44.51415027                
N              117                                                      
     5.137935395        -3.455007468         10.13555251                
     1.479691624         3.164861713         5.238483738                
     553.7087296        -360.6727577        -755.1260228                
N              118                                                      
     5.760685929        -4.069395827        -9.714210063                
   -0.3540397166        -1.557571065         2.532625128                
     123.6639975         14.04311166        -166.9769509                
N              119                                                      
    0.5048388794        -9.902369223         2.535891158                
    -1.479620732         6.571616800         2.430689336                
     103.3056045         70.30404107         42.52018333                
N              120                                                      
    0.8392370258        -9.461300704         1.596882936                
    -3.710827004         2.658137886       -0.2021135845                
    -245.0825738         121.7191178         95.80313625                
N              121                                                      
    -4.519411637        -9.112901634         9.424596067                
    -3.361512257         5.731546969         2.829769666                
     57.68076411         20.23430257        -131.1965519                
N              122                                                      
    -3.462081929        -8.848777056         9.444397445                
    0.2544262602E-01    -7.494866241        -1.599579234                
     69.08252794         45.98350397        -127.1290700                
N              123                                                      
     9.179972549        -9.217218532        -3.587577178                
    -7.093744303         2.432405974        0.4469042594                
     91.76969883         25.70438182         50.99229558                
N              124                                                      
     9.750715747        -8.305370949        -3.763321844                
    -3.155719221        -2.170558663        -10.64646882                
    -82.85907108        -45.90048918         75.03460828                
N              125                                                      
     4.667983307         1.318683843        -8.153378529                
     1.097342280         3.394822866         5.720767522                
     412.8784117         801.1306193         11.67309518                
N              126                                                      
     5.359952887        0.6991591762        -7.582881125                
     3.839933529         4.897981415         4.026551372                
     1641.845628         1442.425380        -1072.877236                
N              127                                                      
     2.449182639        -6.402826266         4.170658750                
     5.458866143        -1.518459389        0.4312239071                
    -115.3946488         219.0535055         16.25702184                
N              128                                                      
     2.521937512        -5.353446149         3.884987439                
    0.4328436521E-02   -0.7830828997         1.743379703                
     86.98370904        -113.3096012        -37.29039343                
