CS04 – Nitrogen in PBC
0.01 10.0 1004
N N
2.360051348314408e+33 5.761844112095573e+29 4.440852979566317e+27 1.40670022267725e+26 
9.666770322633685e+24 1.084192621943954e+24 1.705080830943024e+23 3.434326715156149e+22 
8.356248348541072e+21 2.36005134734377e+21 7.519850904039522e+20 2.64695464021801e+20 
1.012980822768157e+20 4.162794984729879e+19 1.818973371909556e+19 8.384586649973806e+18 
4.050740212229371e+18 2.040099666376108e+18 1.066297110420135e+18 5.761843960433982e+17 
3.208410286148637e+17 1.835901015347571e+17 1.076929797244078e+17 6.462291102118796e+16 
3.95950872660407e+16 2.473097402538772e+16 1.572375300156826e+16 1.016307171043626e+16 
6670300063712934 4440851648106602 2996270149416816 2047017335241480 
1414991864636065 988949628621523.9 698400580371274.1 498070768674988.9 
358509200103022.3 260326125640848 190609937662833.5 140669785296501.8 
104595818567050.3 78330155182919.77 59060736185260.87 44821670458363.48 
34227076352149.46 26292130529497.95 20311651271519.89 15776999764789.43 
12318732354251.97 9666708202049.387 7622127268004.663 6037787127674.721 
4804044902510.7 3838768350268.677 3080095867053.346 2481187698806.928 
2006397870251.337 1628466127943.893 1326446622625.536 1084171817885.958 
889107409644.652 731494445381.1952 603703496098.1012 499746187708.8602 
414904075909.3583 345445438332.0452 288408238598.7117 241433116287.8724 
202634359047.4695 170499832840.3282 143813079569.0386 121592450377.8315 
103043380802.0993 87520841477.6102 74499695998.01718 63551224692.50668 
54324472887.24992 46531386547.46773 39934930718.43591 34339564476.20047 
29583583287.25686 25532945596.42765 22076282511.66048 19120853218.39339 
16589258465.76424 14416763339.08043 12549111021.48526 10940733230.72428 
9553281936.339113 8354421929.18346 7316835686.985496 6417401421.751723 
5636512723.930565 4957514237.254218 4366232621.896214 3850585938.782063 
3400257708.485797 3006424416.925477 2661527277.724728 2359080713.213947 
2093511358.476042 1860022485.976442 1654479640.314402 1473314001.995556 
1313440596.705383 1172188957.135864 1047244247.922463 936597196.7675775 
838501449.3568188 751437192.7420435 674080080.0112174 605274645.2352906 
544011527.5338094 489407931.2519516 440690839.4681553 397182573.4468827 
358288353.7541867 323485571.6516658 292314523.7961048 264370400.6156251 
239296350.1802269 216777465.9051171 196535568.8232263 178324674.1064277 
161927047.5584821 147149771.4090793 133821750.2933213 121791098.1269009 
110922854.9537023 101096989.9754992 92206653.06242588 84156642.24717337 
76862059.15943149 70247128.17284049 64244158.30984648 58792629.76083796 
53838389.29078675 49332940.88696392 45232819.79398489 41499039.62894993 
38096603.60502253 34994072.0464463 32163179.37728788 29578494.63192047 
27217120.28604437 25058424.8587978 23083805.30286631 21276475.69212364 
19621279.14524832 18104520.29754706 16713815.95927983 15437961.88346803 
14266813.81496427 13191181.21018331 12202732.20742114 11293908.59463579 
10457849.66798322 9688324.002918789 8979668.272582814 8326732.347458646 
7724829.997647623 7169694.596037597 6657439.28844844 6184521.156649518 
5747708.952945109 5344054.031669552 4970864.144177277 4625679.800402631 
4306252.932376765 4010527.623719497 3736622.694513449 3482815.953497741 
3247529.949525488 3029319.072008837 2826857.865885545 2638930.440710154 
2464420.866001276 2302304.456139855 2151639.858067262 2011561.863913498 
1881274.878615274 1760046.979667761 1647204.512486588 1542127.170521609 
1444243.514334151 1353026.888390658 1267991.698395061 1188690.015631319 
1114708.478061562 1045665.460864546 981208.4917392811 921011.8886716701 
864774.5999960109 812218.2285032629 763085.2230767114 717137.2228928102 
674153.5406283992 633929.7723810481 596276.5231511198 561018.2377648678 
527992.128048851 497047.1879071707 468043.2887136648 440850.3481191126 
415347.5659962614 391422.7218091546 368971.5282041001 347897.0360824331 
328109.0868350689 309523.8077995954 292063.1473463617 275654.4463138294 
260230.0427986696 245726.9075652001 232086.3075744845 219253.4953477669 
207177.4220740883 195810.4725495638 185108.2201976819 175029.2005674566 
165534.7018407588 156588.571002787 148157.0344415836 140208.5318446408 
132713.5623539798 125644.5420262991 118975.671722729 112682.8146239526 
106743.3826316212 101136.2309766365 95841.56040944169 90840.82639747311 
86116.65480071385 81652.76353827468 77433.88979740567 73445.72237164855 
69674.83874721876 66108.6465864428 62735.32928436164 59543.79529969339 
56523.63098437545 53665.05665709337 50958.88568566488 48396.48636106581 
45969.74636235969 43671.0396269683 41493.19545468128 39429.46968667722 
37473.51781267581 35619.36987027343 33861.4070105841 32194.33961360444 
30613.18684529011 29113.25755624574 27690.13242923447 26339.64728945797 
25057.87749779061 23841.12335290927 22685.89643358394 21588.90681731485 
20547.05111605621 19557.40127397676 18617.19407610659 17723.82132032792 
16874.82060850957 16067.8667156801 15300.76349900324 14571.43631097716 
13877.92488374454 13218.37665368491 12591.04049758252 11994.26085362831 
11426.4722023432 10886.19388420217 10372.02523231586 9882.640999986312 
9416.787064314522 8973.276388298427 8550.9852250354 8148.849548734528 
7765.861698259404 7401.067219867252 7053.561896689273 6722.488953315613 
6407.036424610425 6106.434678592538 5819.954083877813 5546.902812796153 
5286.624771869547 5038.497651873752 4801.931090204252 4576.364938734147 
4361.267630784549 4156.134641234476 3960.487034174943 3773.870092865647 
3595.852027081758 3426.022753247313 3263.992743038681 3109.391936411141 
2961.868715252515 2821.088934103219 2686.735004601582 2558.505030518818 
2436.111990440638 2319.282965331804 2207.758408389081 2101.291454744961 
1999.647268732595 1902.602426560364 1809.944332374136 1721.470665806394 
1636.988859225306 1556.315603003097 1479.276377223323 1405.705008339897 
1335.443249388957 1268.340382436774 1204.252842024415 1143.043858442282 
1084.58311973593 1028.746451408279 975.4155128436306 924.4775095350334 
875.8249202497328 829.3552383170236 784.9707262697254 742.5781831143941 
702.0887235466583 663.4175684670613 626.4838461891437 591.2104037660686 
557.5236278942202 525.3532748827951 494.6323092069479 465.2967501890299 
437.285526377821 410.540337219568 385.0055216370981 360.6279331545513 
337.3568212251191 315.1437184381534 293.9423332995559 273.7084482962597 
254.3998229712082 235.9761017502249 218.3987262760775 201.6308520183446 
185.6372689400845 170.3843260141318 155.8398593929134 141.973124046174 
128.7547286908806 116.1565738469314 104.1517928610983 92.71469574997414 
81.8207157205677 71.44635823460293 61.56915248963946 52.16760519673134 
43.22115654065077 34.71013821460659 26.61573342702268 18.91993878322189 
11.60552794989679 4.656017014981408 -1.944368539965315 -8.210725333515141 
-14.15750211887983 -19.79852843000485 -25.1470419064563 -30.21571436091844 
-35.01667664987112 -39.56154240498162 -43.86143067982326 -47.92698756381547 
-51.76840681265816 -55.39544954208571 -58.81746302942831 -62.04339866524562 
-65.08182909521982 -67.94096459048627 -70.62866868271205 -73.15247309842997 
-75.51959202545328 -77.73693574257537 -79.81112364224391 -81.74849667443954 
-83.55512923862626 -85.23684054932664 -86.79920549964422 -88.24756504587549 
-89.58703613524169 -90.822521197707 -91.95871722184772 -93.00012443377747 
-93.95105459722878 -94.81563895202578 -95.59783580736578 -96.30143780554647 
-96.9300788710373 -97.48724085908785 -97.97625991739916 -98.40033257374637 
-98.76252156183779 -99.06576139711909 -99.31286371368579 -99.5065223729457 
-99.64931835417916 -99.74372443667347 -99.79210968266008 -99.7967437298565 
-99.75980090200969 -99.68336414545097 -99.56942879930479 -99.4199062066439 
-99.23662717354995 -99.02134528272141 -98.77574006796777 -98.50142005564214 
-98.19992567878846 -97.87273206952031 -97.52125173489705 -97.14683712132818 
-96.75078307230793 -96.33432918406967 -95.89866206354176 -95.44491749279189 
-94.97418250396034 -94.4874973685039 -93.98585750440277 -93.47021530482169 
-92.94148189156037 -92.40052879648231 -91.848189573971 -91.28526134732654 
-90.71250629189012 -90.13065305755978 -89.54039813324549 -88.94240715570027 
-88.33731616505823 -87.72573280930675 -87.10823749982796 -86.48538452004736 
-85.85770308914267 -85.22569838267945 -84.58985251196214 -83.95062546380919 
-83.30845600239087 -82.66376253469483 -82.01694394112097 -81.36838037264022 
-80.71843401589214 -80.06744982753827 -79.41575623912958 -78.76366583369762 
-78.11147599522251 -77.45946953208707 -76.80791527557508 -76.15706865443168 
-75.50717224645699 -74.85845630806669 -74.21113928271124 -73.56542828901105 
-72.92151958942615 -72.2795990402482 -71.63984252366534 -71.00241636262521 
-70.36747771918486 -69.73517497701346 -69.10564810868189 -68.47902902835024 
-67.85544193043691 -67.23500361483055 -66.61782379918127 -66.0040054187881 
-65.39364491457521 -64.78683250963302 -64.18365247477718 -63.58418338356248 
-62.98849835717073 -62.39666529957243 -61.8087471233495 -61.22480196654665 
-60.64488340090724 -60.06904063183351 -59.49731869039817 -58.92975861771914 
-58.36639764200076 -57.8072693485278 -57.25240384289084 -56.70182790770796 
-56.15556515309934 -55.61363616115834 -55.07605862465603 -54.54284748020366 
-54.01401503609105 -53.48957109500863 -52.96952307185408 -52.45387610681399 
-51.94263317390698 -51.43579518516418 -50.93336109061791 -50.43532797426163 
-49.94169114613839 -49.45244423070883 -48.96757925164309 -48.48708671317663 
-48.01095567816262 -47.53917384295062 -47.07172760921424 -46.60860215284644 
-46.14978149003671 -45.69524854063979 -45.24498518894075 -44.79897234191806 
-44.35718998510142 -43.91961723611839 -43.48623239601871 -43.05701299846419 
-42.63193585686486 -42.21097710954368 -41.7941122630044 -41.38131623337762 
-40.97256338611499 -40.5678275740004 -40.16708217354324 -39.77030011981662 
-39.37745393980143 -38.98851578429412 -38.60345745843428 -38.22225045090592 
-37.84486596186415 -37.47127492963665 -37.10144805624851 -36.7353558318157 
-36.37296855785202 -36.01425636953142 -35.65918925694744 -35.30773708540818 
-34.95986961480572 -34.61555651809507 -34.27476739891898 -33.93747180841142 
-33.60363926121261 -33.2732392507259 -32.94624126364794 -32.62261479379926 
-32.30232935528456 -31.98535449500779 -31.67165980456913 -31.36121493156763 
-31.05398959033337 -30.74995357211231 -30.4490767547253 -30.15132911172267 
-29.85668072105486 -29.56510177327807 -29.27656257931412 -28.99103357778282 
-28.70848534192349 -28.4288885861233 -28.15221417206743 -27.87843311452775 
-27.60751658680377 -27.33943592583095 -27.07416263696966 -26.81166839848843 
-26.55192506575381 -26.29490467513962 -26.04057944766662 -25.78892179238481 
-25.53990430950845 -25.29349979331508 -25.04968123481767 -24.80842182422054 
-24.56969495316773 -24.33347421679307 -24.09973341558063 -23.8684465570433 
-23.63958785722835 -23.41313174205695 -23.1890528485052 -22.96732602563378 
-22.7479263354732 -22.53082905377072 -22.31600967060591 -22.10344389088017 
-21.89310763468657 -21.68497703756547 -21.47902845065103 -21.27523844071409 
-21.0735837901062 -20.87404149660971 -20.67658877319825 -20.48120304771232 
-20.2878619624539 -20.09654337370436 -19.90722535116955 -19.7198861773556 
-19.53450434687929 -19.35105856571629 -19.16952775039069 -18.9898910271089 
-18.81212773084088 -18.636217404352 -18.46213979718789 -18.28987486461542 
-18.1194027665219 -17.95070386627541 -17.78375872954854 -17.61854812310776 
-17.45505301357039 -17.29325456613186 -17.13313414326472 -16.97467330339155 
-16.81785379953368 -16.66265757793724 -16.50906677667868 -16.3570637242509 
-16.2066309381318 -16.05775112333683 -15.91040717095667 -15.76458215668178 
-15.62025933931468 -15.47742215927158 -15.33605423707457 -15.19613937183507 
-15.05766153973016 -14.92060489247249 -14.78495375577491 -14.65069262781074 
-14.51780617767058 -14.38627924381648 -14.25609683253443 -14.12724411638579 
-13.99970643265855 -13.87346928181898 -13.74851832596455 -13.62483938727857 
-13.50241844648733 -13.38124164132017 -13.26129526497311 -13.14256576457665 
-13.02503973966813 -12.90870394066906 -12.79354526736806 -12.67955076740974 
-12.56670763478985 -12.4550032083572 -12.34442497032265 -12.23496054477548 
-12.12659769620759 -12.01932432804563 -11.91312848119154 -11.80799833257156 
-11.70392219369418 -11.6008885092172 -11.49888585552386 -11.39790293930868 
-11.29792859617285 -11.19895178922959 -11.10096160771936 -11.00394726563532 
-10.90789810035921 -10.81280357130742 -10.7186532585878 -10.62543686166706 
-10.5331441980489 -10.44176520196307 -10.35128992306513 -10.2617085251475 
-10.1730112848613 -10.08518859044941 -9.998230940490624 -9.912128942655038 
-9.826873312470571 -9.742454872100806 -9.658864549134053 -9.576093375383619 
-9.494132485699438 -9.412973116790937 -9.33260660606121 -9.253024390452314 
-9.174218005302022 -9.096179083211625 -9.018899352925045 -8.942370638219073 
-8.866584856804746 -8.791534019239903 -8.717210227852769 -8.643605675676543 
-8.570712645395036 -8.49852350829924 -8.427030723254751 -8.356226835680097 
-8.286104476535767 -8.216656361324038 -8.147875289099487 -8.07975414149001 
-8.012285881728499 -7.945463553694917 -7.87928028096884 -7.813729265892296 
-7.748803788642928 -7.684497206317301 -7.620802952024395 -7.557714533989111 
-7.495225534665774 -7.433329609861572 -7.37202048786972 -7.311291968612527 
-7.251137922794006 -7.191552291062113 -7.132529083180548 -7.074062377209908 
-7.016146318698259 -6.95877511988092 -6.901943058889482 -6.845644478969938 
-6.789873787709732 -6.734625456273936 -6.679894018650075 -6.62567407090191 
-6.571960270431791 -6.518747335251653 -6.466030043262601 -6.413803231542807 
-6.362061795643909 -6.310800688895588 -6.260014921718388 -6.209699560944617 
-6.159849729147333 -6.110460603977207 -6.0615274175073 -6.013045455585603 
-5.965010057195325 -5.917416613822725 -5.870260568832554 -5.823537416850935 
-5.777242703155634 -5.731372023073614 -5.685921021385833 -5.64088539173919 
-5.596260876065537 -5.552043264007659 -5.508228392352194 -5.464812144469392 
-5.421790449759633 -5.379159283106588 -5.336914664337067 -5.295052657687347 
-5.253569371275971 -5.212460956582973 -5.171723607935363 -5.131353561998896 
-5.091347097276001 -5.051700533609841 -5.012410231694336 -4.97347259259021 
-4.934884057246924 -4.896641106030409 -4.858740258256562 -4.821178071730438 
-4.783951142291063 -4.74705610336182 -4.710489625506265 -4.674248415989452 
-4.638329218344544 -4.602728811944793 -4.567444011580672 -4.532471667042254 
-4.497803986987573 -4.463293524638664 -4.428871609349884 -4.394538757257057 
-4.360295485162418 -4.32614231053461 -4.292079751508698 -4.258108326886149 
-4.224228556134847 -4.190440959389078 -4.156746057449557 -4.123144371783397 
-4.089636424524125 -4.05622273847168 -4.022903837092417 -3.989680244519099 
-3.956552485550901 -3.923521085653405 -3.890586570958615 -3.85774946826494 
-3.825010305037201 -3.792369609406628 -3.759827910170871 -3.727385736793985 
-3.695043619406438 -3.662802088805107 -3.630661676453288 -3.598622914480683 
-3.566686335683406 -3.534852473523985 -3.503121862131355 -3.47149503630087 
-3.439972531494282 -3.408554883839774 -3.37724263013193 -3.346036307831747 
-3.314936455066628 -3.283943610630394 -3.253058313983279 -3.222281105251925 
-3.191612525229378 -3.16105311537512 -3.130603417815022 -3.10026397534137 
-3.070035331412871 -3.039918030154633 -3.009912616358182 -2.980019635481455 
-2.950239633648797 -2.920573157650973 -2.891020754945153 -2.861582973654917 
-2.83226036257026 -2.80305347114759 -2.773962849509721 -2.744989048445888 
-2.716132619411726 -2.687394114529288 -2.658774086587044 -2.630273089039869 
-2.601891676009048 -2.573630402282281 -2.545489823313678 -2.517470495223765 
-2.489572974799472 -2.461797819494141 -2.434145587427541 -2.406616837385837 
-2.379212128821607 -2.351932021853845 -2.324777077267955 -2.297747856515753 
-2.270844921715466 -2.24406883565173 -2.217420161775603 -2.190899464204544 
-2.164507307722428 -2.138244257779538 -2.112110880492574 -2.086107742644644 
-2.060235411685266 -2.034494455730377 -2.008885443562316 -1.983408944629845 
-1.958065529048126 -1.932855767598742 -1.90778023172968 -1.882839493555344 
-1.858034125856547 -1.833364702080517 -1.808831796340883 -1.784435983417706 
-1.76017783875744 -1.736057938472958 -1.712076859343542 -1.688235178814889 
-1.664533474999107 -1.640972326674715 -1.617552313286635 -1.594274014946224 
-1.571138012431226 -1.548144887185808 -1.525295221320548 -1.502589597612433 
-1.480028599504865 -1.457612811107655 -1.435342817197027 -1.413219203215613 
-1.391242555272466 -1.369413460143042 -1.347732505269209 -1.326200278759252 
-1.304817369387863 -1.283584366596147 -1.26250186049162 -1.24157044184821 
-1.220790702106261 -1.200163233372523 -1.179688628420158 -1.159367480688742 
-1.139200384284262 -1.119187933979116 -1.099330725212113 -1.079629354088474 
-1.060084417379836 -1.040696512524242 -1.021466237626149 -1.002394191456425 
-0.9834809734523493 -0.9647271837176133 -0.9461334230223215 -0.927700292802989 
-0.9094283951625365 -0.8913183328703119 -0.8733707093620584 -0.8555861287399412 
-0.8379651957725297 -0.8205085158948126 -0.8032166952081821 -0.7860903404804492 
-0.7691300591458309 -0.7523364593049625 -0.7357101497248847 -0.719251739839053 
-0.7029618397473339 -0.6868410602160043 -0.6708900126777537 -0.6551093092316848 
-0.6394995626433065 -0.6240613863445499 -0.6087953944337472 -0.5937022016756478 
-0.5787824235014098 -0.5640366760086059 -0.5494655759612175 -0.5350697407896391 
-0.5208497885906781 -0.5068063381275502 -0.4929400088298878 -0.4792514207937301 
-0.4657411947815308 -0.4524099522221542 -0.4392583152108744 -0.4262869065093822 
-0.4134963495457749 -0.4008872684145616 -0.3884602878766688 -0.3762160333594297 
-0.3641551309565904 -0.3522782074283076 -0.3405858902011513 -0.3290788073681017 
-0.3177575876885521 -0.3066228605883033 -0.2956752561595772 -0.2849154051609979 
-0.2743439390176046 -0.2639614898208488 -0.2537686903285922 -0.2437661739651097 
-0.2339545748210864 -0.2243345276536204 -0.2149066678862186 -0.2056716316088052 
-0.1966300555777106 -0.1877825772156794 -0.1791298346118666 -0.1706724665218396 
-0.1624111123675779 -0.1543464122374722 -0.1464790068863224 -0.1388095377353465 
-0.1313386468721678 -0.1240669770508234 -0.1169951716917629 -0.1101238748818461 
-0.1034537313743458 -0.09698538658894539 -0.09071948661173937 -0.08465667819523763 
-0.07879760875835667 -0.07314292638642785 -0.06769327983119318 -0.06244931851080601 
-0.05741169250983209 -0.05258105257924812 -0.04795805013644278 -0.04354333726521582 
-0.03933756671578111 -0.03534139190476102 -0.03155546691519084 -0.02798044649651779 
-0.02461698606460019 -0.02146574170170855 -0.0185273701565245 -0.01580252884414126 
-0.01329187584606499 -0.0109960699102121 -0.008915770450910923 -0.007051637548901625 
-0.005404331951336138 -0.003974515071777885 -0.002762848990201862 -0.001769996452994716 
-0.0009966208729551981 -0.0004433863292931482 -0.000110957567630306 0       
0.0     0.0     0.0     0.0     
2.832061617977289e+34 6.914212934514776e+30 5.329023575480376e+28 1.688040267214121e+27 
1.16001243871977e+26 1.301031146345226e+25 2.046096997181129e+24 4.121192058409537e+23 
1.002749801934513e+23 2.832061617394907e+22 9.023821088134811e+21 3.176345570211993e+21 
1.215576988528344e+21 4.995353989410475e+20 2.182768051404279e+20 1.006150401468118e+20 
4.860888278802825e+19 2.448119616774025e+19 1.279556544883165e+19 6.914212843517824e+18 
3.850092411281756e+18 2.203081269782541e+18 1.292315796033426e+18 7.754749627289801e+17 
4.751410710468165e+17 2.967717071570747e+17 1.886850510510921e+17 1.219568726105801e+17 
8.004361055537941e+16 5.329022776604549e+16 3.59552483550147e+16 2.456421344674403e+16 
1.697990688508306e+16 1.186739931339224e+16 8380810132555986 5976851899521516 
4302112671084910 3123915441909258 2287320907036328 1688038845386782 
1255151048843088 939962923185549.1 708729755513453 537860848085629.8 
410725617571527.6 315506181049785.4 243740355539736.3 189324473345048.2 
147825209007454.6 116000871148471.2 91465858184193.61 72453740101191.97 
57648801585755.24 46065455082491.59 36961360797552.73 29774441219199.62 
24076944251001.12 19541746516955.79 15917497540186.46 13010186639104.29 
10669401954716.52 8778035876025.893 7244535099120.689 5997039000104.517 
4978926130433.222 4145415720145.267 3460963244289.565 2897256300672.325 
2431666273633.87 2046047495657.288 1725802417730.063 1459151207997.356 
1236559052728.094 1050285564116.339 894029073962.8027 762644918483.2067 
651921616994.6509 558402499230.931 479243126297.6572 412096989788.7878 
355023619849.1667 306414504008.4455 264933203206.3966 229466816597.4772 
199086543238.6001 173015555230.256 150602762743.7791 131301339163.508 
114651101605.9733 100264021677.3056 87812283792.23219 77018421683.04883 
67647154076.60323 59498612745.45329 52402714024.10651 46214471383.74501 
40810084106.07114 36083667322.33967 31944513135.55883 28314792369.17013 
25127622594.74187 22325441208.86784 19858633033.46656 17684370666.06115 
15765632977.60347 14070373042.3003 12570811625.97769 11242836349.76551 
10065489940.26218 9020533702.163361 8092074607.104501 7266246266.518689 
6530935614.538483 5875548424.790298 5290807867.6548 4768581219.317143 
4301730591.174185 3883984182.945455 3509825095.779735 3174395189.774939 
2873411847.697271 2603095824.934756 2360108634.498828 2141498143.20759 
1944651247.708437 1767252662.275785 1607248988.981086 1462817358.744646 
1332338032.177778 1214370434.720444 1107632173.64856 1010980646.977424 
923396907.7314649 843971492.8400935 771891965.1978111 706431951.159044 
646941484.7409742 592838494.772236 543601292.7380584 498761937.6309549 
457900370.1433609 420639222.3948476 386639221.3782897 355595114.6983507 
327232056.1852911 301302396.7884064 277582832.9498593 255871870.5713643 
235987567.8332604 217765524.6111367 201057090.1480429 185727764.0567082 
171655768.7118535 158730773.7042521 146852755.3145993 135930975.9687241 
125883070.3927588 116634226.7291929 108116452.2296721 100267914.3317208 
93032348.97488374 86358528.93502091 80199785.76921952 74513579.68156691 
69261112.25367494 64406977.54363883 59918847.55205658 55767188.4916533 
51925004.6848188 48367607.25696899 45072405.09833194 42018715.83714207 
39187594.80733024 36561680.20716716 34125052.83505815 31863108.95753297 
29762445.01482711 27810753.0034257 25996725.49440128 24309969.35296458 
22740927.31981073 21280806.69986184 19921514.48000984 18655598.26544862 
17476192.48503682 16376969.37063199 15352094.26417748 14396184.85011799 
13504273.95001359 12671775.55149812 11894453.77541441 11168394.51343936 
10489979.49412334 9855862.558313608 9262947.94567927 8708370.412744265 
8189477.019679286 7703810.43829275 7249093.647365685 6823215.89384664 
6424219.809596463 6050289.583469788 5699740.097649332 5371006.945406372 
5062637.254935031 4773281.2506743 4501684.489662905 4246680.716027754 
4007185.281745881 3782189.086390145 3570752.992718539 3372002.678733835 
3185123.890263713 3009358.06122199 2843998.27154104 2688385.515338564 
2541905.254224724 2403984.232787928 2274087.535240893 2151715.863978738 
2036403.022415552 1927713.585937913 1825240.746157769 1728604.314873251 
1637448.875266431 1551442.068890125 1470273.007931446 1393650.803094934 
1321303.19823041 1252975.303546799 1188428.419908278 1127438.947309606 
1069797.371177096 1015307.320645924 963784.6934263211 915056.8422951894 
868961.8186383924 825347.6688260558 784071.779530799 745000.2684000129 
708007.4167697834 672975.1413624602 639792.5021435648 608355.243728908 
578565.3679305956 550330.7352128522 523564.6929962501 498185.7289035164 
474117.1471823796 451286.766672213 429626.638802154 409072.7842200322 
389564.9467543644 371046.3635067025 353463.5499593815 336766.0990646876 
320906.4933563682 305839.929193521 291524.1523108858 277919.3039086374 
264987.7765695077 252694.0793416156 241004.7113722518 229888.0435211823 
219314.2074222082 209254.9914988843 199683.7434747814 190575.2789505922 
181905.7956500151 173652.7929637922 165794.9964467711 158312.2869464808 
151185.6340636724 144397.0336656265 137929.4491919681 131766.7565102822 
125893.692095173 120295.804319573 114959.4076612231 109871.5396403699 
105019.9203169242 100392.9141866902 95979.49432683256 91769.20865059919 
87752.1481404662 83918.91693741521 80260.60417199049 76768.75743020169 
73435.35775423025 70252.7960843443 67213.85105441947 64311.66805906982 
61539.73951560789 58891.88624893553 56362.23993200821 53945.22651877163 
51635.55061042821 49428.18069960361 47318.3352404386 45301.46949587271 
43373.26311640412 41529.60840744254 39766.59924501202 38080.52060203382 
36467.83864973572 34925.19140089412 33449.37986364665 32037.35967650497 
30686.23319697815 29393.24201787597 28155.75988692407 26971.28600677912 
25837.43869390382 24751.94937604092 23712.65690923135 22717.50219644566 
21764.52309095903 20851.8495685892 19977.6991538506 19140.37258594885 
18338.2497113629 17569.78559052926 16833.50680686871 16128.00796707234 
15451.94838220449 14804.04891977736 14183.08901751716 13587.9038500706 
13017.38164039804 12470.46110806904 11946.12904711481 11443.41802650791 
10961.40420672773 10499.2052662384 10055.97843204981 9630.918608858183 
9223.256601568006 8832.257426285723 8457.218705146326 8097.469140590399 
7752.36706494913 7421.299061422681 7103.67865275033 6798.945054073362 
6506.56198668096 6226.016549509483 5956.818145433851 5698.497459550043 
5450.605486797523 5212.71260641313 4984.407700841377 4765.297316853228 
4555.004866744523 4353.16986759806 4159.447216700234 3973.506501303206 
3795.031341019292 3623.718761223464 3459.278595925375 3301.43291865197 
3149.915499958157 3004.471290254213 2864.855926706921 2730.835263035094 
2602.184921081258 2478.689863098266 2360.143983744291 2246.349720830688 
2137.117683916205 2032.266299886745 1931.621474703768 1835.016270545438 
1742.290597603974 1653.290919839426 1567.86997402543 1485.886501455504 
1407.204991710122 1331.695437914531 1259.233102945574 1189.698296072697 
1122.976159543586 1058.956464649153 997.5334168252923 938.6054693706836 
882.0751453803155 827.8488675140956 775.8367952382639 725.9526691950698 
678.1136623726907 632.240237763367 588.2560122126091 546.0876261767503 
505.6646191195456 466.9193102915145 429.7866846478377 394.2042836723501 
360.112100886107 327.4524818295853 296.1700283174648 266.211506774493 
237.5257604698633 210.0636254761757 183.7778501871358 158.6230182359304 
134.5554746635369 111.5332551932978 89.51601847468496 68.46498116557179 
48.34285572831345 29.11379082074572 10.74331416860609 -6.801722188862886 
-23.55319438346531 -39.54175703132302 -54.79689146899732 -69.34695200227661 
-83.21921025341037 -96.43989768864567 -109.034246404271 -121.0265282458226 
-132.4400923317794 -143.2974010498438 -153.6200645908906 -163.4288740827395 
-172.7438333831631 -181.5841895888673 -189.9684623147022 -197.9144717949375 
-205.4393658561546 -212.5596458091353 -219.2911913050209 -225.6492841990561 
-231.6486314633164 -237.3033871880261 -242.6271737093283 -247.6331018997439 
-252.3337906559635 -256.7413856171358 -260.8675771453612 -264.723617598753 
-268.3203379261043 -271.6681636109677 -274.7771299917468 -277.656896983275 
-280.3167632242597 -282.7656796739412 -285.0122626803116 -287.0648065413007 
-288.9312955794261 -290.6194157495376 -292.1365657984607 -293.4898679945496 
-294.6861784444079 -295.7320970133077 -296.6339768651496 -297.397933637142 
-298.0298542637477 -298.5354054638399 -298.9200419044324 -299.1890140537924 
-299.3473757362169 -299.3999914002484 -299.3515431116163 -299.2065372817303 
-298.9693111421079 -298.6440389746889 -298.2347381075891 -297.7452746854497 
-297.1793692231719 -296.5406019514639 -295.8324179622884 -295.0581321619721 
-294.2209340394207 -293.3238922565906 -292.369959068069 -291.3619745763518 
-290.3026708291332 -289.1946757646759 -288.0405170110829 -286.8426255450633 
-285.6033392155599 -284.3249061373928 -283.0094879598711 -281.6591630151246 
-280.2759293507228 -278.861707650968 -277.4183440510744 -275.9476128482794 
-274.45121911378 -272.9308012092242 -271.3879332113534 -269.8241272482394 
-268.2408357504366 -266.6394536202307 -265.0213203220503 -263.3877218969806 
-261.7398929042118 -260.0790182921405 -258.4062352017394 -256.722634704709 
-255.02926347883 -253.3271254228384 -251.6171832130624 -249.9003598039668 
-248.1775398746748 -246.4495712234561 -244.7172661120924 -242.9814025619629 
-241.2427256036166 -239.5019484815381 -237.7597538157432 -236.0167947217808 
-234.2736958906601 -232.5310546301608 -230.7894418689321 -229.0494031247345 
-227.3114594381213 -225.5761082728182 -223.8438243840016 -222.1150606556414 
-220.3902489080197 -218.6698006765076 -216.954107962632 -215.243543958431 
-213.5384637450575 -211.839204966558 -210.1460884797147 -208.4594189808101 
-206.7794856101408 -205.1065625350737 -203.4409095124147 -201.7827724308253 
-200.1323838340005 -198.4899634252902 -196.8557185544289 -195.2298446870052 
-193.6125258572877 -192.0039351049943 -190.404234896577 -188.8135775315696 
-187.2321055345271 -185.6599520330635 -184.0972411224845 -182.5440882174825 
-181.0006003913548 -179.4668767031803 -177.9430085133826 -176.4290797880853 
-174.9251673926557 -173.431341374814 -171.9476652376767 -170.4741962030864 
-169.0109854655684 -167.5580784372428 -166.1155149840073 -164.6833296532994 
-163.2615518937279 -161.850206266863 -160.4493126514533 -159.0588864403388 
-157.6789387303122 -156.3094765051753 -154.9505028122262 -153.602016932409 
-152.264014544344 -150.9364878824523 -149.619425889381 -148.3128143629263 
-147.0166360976454 -145.7308710213446 -144.4554963266166 -143.1904865976046 
-141.9358139321546 -140.6914480595185 -139.4573564537613 -138.2335044430222 
-137.0198553147725 -135.8163704172104 -134.6230092569264 -133.4397295929673 
-132.2664875274258 -131.1032375926752 -129.9499328353654 -128.8065248972928 
-127.6729640932526 -126.5491994859787 -125.4351789582708 -124.3308492824077 
-123.2361561869412 -122.1510444209596 -121.0754578159113 -120.0093393450712 
-118.9526311807328 -117.9052747492046 -116.8672107836887 -115.8383793751118 
-114.818720020984 -113.8081716723515 -112.8066727789103 -111.8141613323451 
-110.8305749079552 -109.8558507046276 -108.8899255832142 -107.9327361033704 
-106.9842185589065 -106.044309011707 -105.1129433242656 -104.1900571908857 
-103.2755861675927 -102.3694657008038 -101.4716311547991 -100.5820178380354 
-99.70056102834489 -98.82719599705676 -97.9618580320807 -97.1044824599892 
-96.25500466713287 -95.41336011982497 -94.57948438362672 -93.7533131417666 
-92.93478221272329 -92.12382756700356 -91.3203853431427 -90.52439186295676 
-89.73578364607151 -88.95449742375642 -88.18047015208728 -87.41363902446194 
-86.65394148349371 -85.90131523230284 -85.15569824523074 -84.4170287779957 
-83.68524537731224 -82.9602868899923 -82.2420924715487 -81.53060159431853 
-80.82575405512428 -80.12748998249003 -79.43574984342921 -78.75047444982009 
-78.07160496438433 -77.39908290628348 -76.73285015634789 -76.0728489619522 
-75.41902194155081 -74.77131208888572 -74.12966277688031 -73.49401776123038 
-72.8643211837048 -72.24051757516612 -71.62255185832333 -71.01036935022627 
-70.40391576451239 -69.80313721341572 -69.20798020954695 -68.6183916674547 
-68.0343189049761 -67.45570964438573 -66.88251201335046 -66.31467454569903 
-65.75214618201355 -65.1948762700504 -64.64281456499758 -64.09591122957575 
-63.55411683398936 -63.01738235573454 -62.48565917926942 -61.95889909555369 
-61.43705430146258 -60.92007739908104 -60.40792139488342 -59.90053969880394 
-59.39788612320302 -58.89991488173425 -58.40658058811629 -57.91783825481489 
-57.43364329163888 -56.95395150425433 -56.47871909262136 -56.00790264935659 
-55.54145915802598 -55.07934599137103 -54.62152090947214 -54.16794205785212 
-53.71856796552349 -53.2733575429824 -52.83227008015258 -52.39526524428128 
-51.96230307779125 -51.53334399609037 -51.10834878534231 -50.68727860019981 
-50.27009496150403 -49.85675975395132 -49.44723522373042 -49.04148397613137 
-48.63946897312913 -48.241153530943 -47.84650131757449 -47.45547635032476 
-47.06804299329396 -46.68416595486389 -46.30381028516554 -45.92694137353341 
-45.55352494594738 -45.18352706246453 -44.8169141146415 -44.45365282294917 
-44.09371023418058 -43.73705371885359 -43.3836509686094 -43.03346999360795 
-42.68647911992117 -42.34264698692547 -42.00194254469403 -41.66433505139036 
-41.32979407066316 -40.99828946904442 -40.66979141335075 -40.34427036808923 
-40.02169709286801 -39.70204263981298 -39.38527835099089 -39.07137585583953 
-38.76030706860559 -38.452044185791 -38.1465596836081 -37.84382631544438 
-37.54381710933705 -37.24650536545803 -36.95186465361007 -36.65986881073401 
-36.37049193842795 -36.08370840047846 -35.79949282040441 -35.51782007901368 
-35.23866531197315 -34.96200390739205 -34.6878115034193 -34.41606398585494 
-34.14673748577592 -33.87980837717642 -33.61525327462316 -33.35304903092564 
-33.09317273482182 -32.83560170867895 -32.58031350621033 -32.32728591020764 
-32.0764969302893 -31.82792480066482 -31.58154797791533 -31.33734513879048 
-31.09529517802163 -30.85537720615164 -30.61757054738105 -30.3818547374311 
-30.14820952142327 -29.91661485177572 -29.6870508861164 -29.4594979852131 
-29.23393671092023 -29.01034782414269 -28.78871228281644 -28.56901123990604 
-28.35122604141919 -28.1353382244381 -27.92132951516771 -27.70918182700085 
-27.4988772586003 -27.29039809199761 -27.08372679070874 -26.87884599786643 
-26.71067797223351 -26.67689668432354 -26.64253907095611 -26.60760306758793 
-26.57208660701006 -26.5359876193479 -26.49930403206123 -26.46203376994416 
-26.42417475512517 -26.38572490706708 -26.34668214256707 -26.30704437575668 
-26.26680951810179 -26.22597547840263 -26.18454016279382 -26.14250147474428 
-26.09985731505733 -26.0566055818706 -26.01274417065612 -25.96827097422024 
-25.92318388270368 -25.87748078358149 -25.8311595616631 -25.78421809909229 
-25.73665427534718 -25.68846596724026 -25.63965104891834 -25.59020739186264 
-25.54013286488867 -25.48942533414635 -25.43808266311991 -25.38610271262796 
-25.33348334082344 -25.28022240319367 -25.22631775256032 -25.17176723907939 
-25.11656871024125 -25.06072001087062 -25.00421898312658 -24.94706346650256 
-24.88925129782632 -24.83078031126002 -24.77164833830015 -24.71185320777753 
-24.65139274585737 -24.59026477603921 -24.52846711915696 -24.46599759337887 
-24.40285401420755 -24.33903419447996 -24.27453594436743 -24.20935707137561 
-24.14349538034453 -24.07694867344856 -24.00971475019643 -23.94179140743123 
-23.87317643933039 -23.80386763740569 -23.7338627905033 -23.66315968480369 
-23.59175610382172 -23.51964982840659 -23.44683863674186 -23.37332030434544 
-23.29909260406959 -23.2241533061009 -23.14850017796039 -23.07213098450336 
-22.99504348791947 -22.91723544773278 -22.83870462080165 -22.75944876131883 
-22.6794656208114 -22.5987529481408 -22.51730848950285 -22.43512998842768 
-22.35221518577981 -22.26856181975807 -22.1841676258957 -22.09903033706025 
-22.01314768345363 -21.92651739261213 -21.83913718940634 -21.75100479604128 
-21.66211793205625 -21.57247431432496 -21.48207165705543 -21.39090767179005 
-21.29898006740557 -21.20628655011309 -21.11282482345803 -21.01859258832025 
-20.92358754291388 -20.82780738278743 -20.73124980082377 -20.63391248724011 
-20.53579312958803 -20.43688941275345 -20.33719901895662 -20.23671962775224 
-20.13544891602925 -20.03338455801099 -19.93052422525516 -19.8268655866538 
-19.72240630843332 -19.61714405415446 -19.51107648471233 -19.40420125833637 
-19.29651603059043 -19.18801845437266 -19.07870617991556 -18.96857685478603 
-18.85762812388529 -18.74585762944891 -18.63326301104682 -18.5198419055833 
-18.40559194729702 -18.29051076776095 -18.17459599588245 -18.05784525790321 
-17.94025617739928 -17.82182637528107 -17.70255346979335 -17.5824350765152 
-17.46146880836012 -17.33965227557593 -17.2169830857448 -17.09345884378325 
-16.96907715194216 -16.84383560980675 -16.71773181429664 -16.59076335966576 
-16.46292783750236 -16.33422283672915 -16.2046459436031 -16.07419474171559 
-15.94286681199228 -15.81065973269328 -15.67757107941296 -15.54359842508012 
-15.40873933995786 -15.27299139164367 -15.13635214506938 -14.99881916250116 
-14.86039000353956 -14.72106222511945 -14.58083338151007 -14.43970102431504 
-14.29766270247225 -14.15471596225408 -14.01085834726714 -13.86608739845245 
-13.72040065408537 -13.57379564977562 -13.42626991846725 -13.27782099043869 
-13.12844639330273 -12.97814365200647 -12.82691028883142 -12.67474382339341 
-12.52164177264263 -12.36760165086363 -12.21262096967527 -12.05669723803084 
-11.89982796221792 -11.74201064585844 -11.58324278990877 -11.42352189265954 
-11.26284544973577 -11.10121095409684 -10.93861589603646 -10.7750577631827 
-10.61053404049801 -10.44504221027911 -10.27857975215724 -10.11114414309784 
-9.942732857400733 -9.773343366700143 -9.602973139964609 -9.43161964349704 
-9.259280340934687 -9.085952693249167 -8.911634158746411 -8.736322193066794 
-8.560014249184956 -8.382707777409927 -8.204400225385072 -8.025089038088128 
-7.844771657831184 -7.663445524260682 -7.481108074357359 -7.297756742436452 
-7.113388960147407 -6.928002156474073 -6.741593757734669 -6.554161187581739 
-6.365701867002209 -6.176213214317329 -5.98569264518269 -5.794137572588344 
-5.60154540685855 -5.407913555652012 -5.213239423961763 -5.017520414115173 
-4.820753925773996 -4.622937355934307 -4.424068098926554 -4.224143546415505 
-4.0231610874004 -3.821118108214685 -3.61801199252622 -3.413840121337232 
-3.208599872984272 -3.002288623138272 -2.794903744804492 -2.586442608322526 
-2.376902581366429 -2.166281028944504 -1.954575313399421 -1.74178279440822 
-1.52790082898231 -1.312926771467435 -1.096857973543681 -0.8796917842254686 
-0.6614255498616828 -0.4420566141354366 -0.2215823180642587 0       
0.0     0.0     0.0     0.0     
